id	a	b
1	0.01270364	0.582039693
2	0.01674285	0.718996193
3	-0.01171228	0.732656188
4	-0.002544856	0.757664743
5	-0.01467446	0.683956885
6	-0.01152578	0.510312267
7	-0.009741018	0.627846951
8	0.007671592	0.653826524
9	-0.003674297	0.659573688
10	-0.03094936	0.533447082
11	0.005728122	0.619379154
12	-0.01763224	0.777599877
13	0.01998976	0.567524925
14	0.01343832	0.77474093
15	-0.008480756	0.662281324
16	-0.01538706	0.198520994
17	-0.002111141	0.678302295
18	0.002766527	0.703664974
19	-0.02242552	0.502554531
20	-0.008888772	0.744577637
21	-0.009480983	0.677346145
22	-0.03803203	0.51876504
23	-0.03392565	0.823740925
24	-0.0116041	0.738140379
25	-0.02666323	0.568966745
26	0.01016537	0.709720772
27	0.001229579	0.604779412
28	-0.01146295	0.739062888
29	0.007115057	0.560542108
30	-0.004906851	0.560924223
31	0.000995256	0.601965927
32	-0.02406664	0.773034304
33	-0.03433942	0.589561847
34	0.02462463	0.741290641
35	-0.02121797	0.556786184
36	0.002394283	0.401025225
37	0.01826812	0.653237902
38	0.01605328	0.659534313
39	0.01449335	0.761866682
40	0.03174545	0.244751704
41	0.02554678	0.626232623
42	-0.01974763	0.704350831
43	-0.01441293	0.730796637
44	0.03012131	0.708387542
45	-0.03248779	0.523769249
46	0.01532482	0.574803982
47	0.03477813	0.641221651
48	-0.006747464	0.731222743
49	0.01603606	0.476307793
50	-0.03194355	0.689294394
51	-0.004488519	0.758298742
52	0.0024989	0.519352285
53	0.007178151	0.452480169
54	0.01561698	0.368768958
55	-0.02604594	0.605798248
56	-0.01024226	0.59680261
57	0.003764896	0.728769217
58	-0.02136697	0.805020207
59	0.006590154	0.466999179
60	-0.00034051	0.725066567
61	0.00097503	0.631537683
62	-0.000873123	0.490841872
63	0.001586636	0.639662866
64	0.01139451	0.406325
65	-0.04877828	0.514189395
66	0.01105011	0.379970844
67	-0.01248451	0.798908904
68	-0.02007542	0.726301018
69	-0.002165722	0.743343937
70	-0.0118761	0.341490881
71	-0.01313998	0.51741584
72	0.01031563	0.492051657
73	-0.01294367	0.605729573
74	-0.01419339	0.723956615
75	-0.01673661	0.489378169
76	-0.01685719	0.578305308
77	0.014391	0.733898615
78	-0.01743893	0.723173155
79	-0.03764644	0.655988711
80	0.03211365	0.597669938
81	-0.01278366	0.633961284
82	-0.03505724	0.444052624
83	-0.04500483	0.676964665
84	0.03036227	0.821558454
85	0.01652445	0.594614354
86	-0.01844644	0.605219709
87	-0.02189045	0.618885898
88	-0.02529756	0.658973672
89	-0.01560389	0.656305805
90	-0.005618806	0.591766976
91	-0.02270763	0.736973282
92	-0.01836286	0.749375766
93	6.01E-05	0.45614684
94	-0.005016575	0.721916311
95	-0.01536665	0.656271491
96	-0.03863371	0.727104711
97	-0.02557419	0.462910304
98	-0.002877198	0.71179072
99	-0.01524366	0.517988647
100	-0.01460832	0.505119173
101	0.01293066	0.424716442
102	-0.004564662	0.523487255
103	-0.002111764	0.783752301
104	0.007354327	0.549443028
105	0.00211046	0.508666039
106	-0.01477287	0.303925332
107	-0.01398997	0.733608978
108	-0.02546037	0.788034134
109	-0.005715522	0.663257663
110	0.02560322	0.651278704
111	0.0286698	0.504219654
112	-0.01966428	0.740794982
113	-0.02130426	0.671578225
114	0.007957252	0.373530703
115	-0.03530325	0.696038744
116	0.04156716	0.807937803
117	0.007769308	0.17377699
118	-0.01376615	0.677604225
119	-0.01638302	0.583089003
120	4.32E-06	0.770307455
121	0.02227998	0.548948081
122	0.02575605	0.635540363
123	-0.01046463	0.67289771
124	0.002614883	0.467667692
125	0.04090473	0.429098303
126	0.01958095	0.568788112
127	-0.01226845	0.605204012
128	0.002146702	0.400966349
129	-0.02449801	0.244308791
130	-0.006374302	0.501969179
131	0.02091695	0.509007957
132	0.0212833	0.618823645
133	-0.01467259	0.332780189
134	-0.03268638	0.542929339
135	-0.01990945	0.579224293
136	-0.02930315	0.640379208
137	0.01067638	0.475078082
138	-0.001523116	0.602093793
139	0.003165672	0.671115697
140	0.01711854	0.386900617
141	0.008305024	0.586325575
142	-0.02795671	0.72767771
143	-0.05176869	0.586548884
144	0.02442649	0.571522027
145	-0.008450636	0.501832745
146	0.00600618	0.778640797
147	-0.01765101	0.510298585
148	-0.002214174	0.539791014
149	0.002101227	0.677217008
150	-0.03470498	0.58003777
151	-0.005316619	0.62179159
152	-0.01826692	0.714785073
153	0.006491092	0.609494599
154	-0.03354438	0.352057257
155	-0.01149998	0.598018954
156	-0.0305117	0.650703131
157	-0.02167092	0.566827341
158	-0.002584024	0.718449119
159	-0.009316852	0.77187092
160	0.006055132	0.715450537
161	0.0275506	0.639834156
162	-0.03378602	0.537540838
163	0.02330296	0.647425162
164	-0.05498758	0.374817656
165	0.01090977	0.351557802
166	0.03330677	0.530075794
167	-0.01489673	0.806204845
168	-0.002308006	0.695663169
169	-0.005916222	0.76468358
170	0.01733562	0.70633612
171	-0.00090125	0.669202889
172	0.007429491	0.585289847
173	-0.02567341	0.731147134
174	-0.01601666	0.639623487
175	-0.02319355	0.69890851
176	0.007222418	0.739158402
177	-0.005689782	0.612679136
178	-0.02896575	0.67406827
179	-0.007525855	0.828234675
180	-0.02347336	0.807436351
181	0.0202165	0.64479267
182	-0.001622669	0.787384953
183	-0.03555367	0.554356358
184	-0.0448945	0.63415444
185	0.02013554	0.609111553
186	-0.02534789	0.574192003
187	0.01427163	0.707298181
188	-0.01861553	0.719792133
189	0.03155271	0.460878167
190	-0.009293235	0.640150135
191	0.03855732	0.823724194
192	-0.02238229	0.55316859
193	0.01017346	0.607082817
194	0.04232795	0.685234811
195	0.01509467	0.745840466
196	-0.02074252	0.274696249
197	-0.04397711	0.693271345
198	-0.01143841	0.241288585
199	0.005000502	0.721491147
200	-0.01679211	0.76884178
201	-0.043296	0.637470261
202	0.01673471	0.45793359
203	-0.009705768	0.662471352
204	-0.02035157	0.626643983
205	0.004198756	0.753818285
206	-0.007469581	0.684826517
207	0.0112029	0.66574774
208	0.004082514	0.562675812
209	0.002959134	0.805462955
210	-0.03858394	0.60399543
211	-0.01775159	0.646877977
212	0.01504531	0.220568903
213	-0.01442822	0.75319077
214	-0.02776165	0.587984661
215	-0.01560825	0.652930716
216	-0.005486361	0.296104633
217	-0.01454552	0.49482156
218	-0.01581314	0.649492106
219	-0.04054988	0.492287016
220	-0.000659918	0.684384642
221	-0.003951948	0.607251448
222	0.03505583	0.756620612
223	-0.003318063	0.468670049
224	-0.01556271	0.657647453
225	-0.003879425	0.652799402
226	0.003772665	0.626230295
227	0.00631026	0.58812269
228	-0.02443482	0.502268641
229	0.02616203	0.738295657
230	0.006335046	0.769087223
231	0.03584246	0.656528993
232	-0.008691214	0.569231845
233	0.003890593	0.83231463
234	0.002154271	0.555369465
235	-0.02814049	0.688486488
236	-0.01487507	0.665103178
237	-0.007025805	0.73895063
238	-0.01429297	0.673477093
239	-0.01540016	0.556210584
240	-0.007700956	0.556118224
241	-0.00954357	0.598137586
242	0.00862967	0.570677403
243	-0.01641504	0.460639262
244	-0.03169115	0.753823861
245	-0.02833183	0.526431639
246	0.001218587	0.842911235
247	0.01267641	0.755756392
248	-0.01275308	0.549051808
249	-0.03032161	0.60886297
250	-0.03965467	0.573052573
251	0.005996423	0.576768861
252	-0.02554566	0.541232105
253	-0.03062561	0.626483082
254	0.01599687	0.595524539
255	0.006040469	0.601876756
256	0.001424106	0.499062811
257	0.03114005	0.730494987
258	0.02429202	0.58572549
259	-0.009987562	0.69879925
260	-0.0107265	0.649609097
261	-0.02338687	0.656531929
262	-0.005335749	0.640402731
263	-0.008937212	0.395775911
264	0.006601159	0.504468193
265	0.01003034	0.545866865
266	0.04111478	0.708751171
267	-0.01070942	0.664319044
268	0.04043078	0.625561564
269	0.007497218	0.681081387
270	-0.001962486	0.317754886
271	0.0178412	0.671423747
272	-0.01349287	0.676643429
273	0.0140112	0.757661555
274	-0.02778817	0.619628261
275	0.004246611	0.501827095
276	-0.008961973	0.699791454
277	-0.01260775	0.589925617
278	-0.01568672	0.612214271
279	-0.000350399	0.682182347
280	-0.002669745	0.731566761
281	0.02224387	0.424268361
282	-0.01615266	0.537595763
283	-0.0191777	0.557259004
284	0.005643702	0.473504883
285	0.01712617	0.784429674
286	0.000760853	0.659573241
287	-0.02237258	0.60965941
288	0.03447353	0.756518431
289	-0.0102414	0.310022058
290	-0.0528157	0.509727154
291	0.001223099	0.712865527
292	-0.01600134	0.626787761
293	-0.001425921	0.679888657
294	-0.02145337	0.355454352
295	-0.01436417	0.544217687
296	-0.01598692	0.604999311
297	-0.01080043	0.339360864
298	0.01068117	0.742540888
299	-0.01957124	0.703205877
300	-0.02280591	0.632747635
301	0.002782796	0.786354938
302	0.01147603	0.728401579
303	-0.03119029	0.533840936
304	0.001691236	0.626077287
305	-0.02002981	0.348023713
306	-0.006235437	0.753835905
307	-0.009005351	0.571428571
308	-0.002784647	0.682221429
309	-0.01125267	0.683987698
310	-0.003228926	0.687495181
311	0.009229805	0.76341068
312	0.02434029	0.774552849
313	0.04351109	0.558806417
314	0.01704082	0.49708124
315	-0.01681967	0.563439949
316	-0.02206451	0.566830988
317	-0.002959213	0.29665118
318	-0.03182308	0.669976615
319	0.01003338	0.617857509
320	-0.008869417	0.747289874
321	-0.000911871	0.585099838
322	-0.02471006	0.631446
323	-0.03049195	0.545244502
324	-0.02528494	0.654902714
325	0.006017227	0.652059841
326	0.04683747	0.603024366
327	0.002604164	0.457059772
328	-0.04076044	0.79014254
329	0.02530468	0.626767214
330	0.00261844	0.867707987
331	-0.01185442	0.32929102
332	-0.03861899	0.499387338
333	-0.009539942	0.709559576
334	-0.03396571	0.63619291
335	0.01684038	0.632860746
336	-0.03367745	0.71998644
337	-0.000935978	0.596563956
338	-0.01186538	0.573626577
339	-0.02580951	0.466756455
340	0.02372411	0.776881053
341	-0.02029987	0.545765847
342	-0.008512912	0.599362471
343	0.001244674	0.530637394
344	-0.02215483	0.582487687
345	-0.02802205	0.655201916
346	-0.01572734	0.666145404
347	0.01491444	0.671637269
348	-0.002444103	0.694412598
349	-0.01410132	0.493930443
350	0.007067016	0.664216183
351	0.03752446	0.643655743
352	-0.03482943	0.569214912
353	0.02652548	0.402070689
354	-0.06803818	0.570758854
355	-0.01372824	0.686646279
356	-0.02791111	0.376948377
357	-0.01341815	0.521060055
358	0.003380272	0.643937499
359	0.003812637	0.608958968
360	-0.007836552	0.606325341
361	-0.007497854	0.558584985
362	0.03326171	0.674325792
363	-0.008190105	0.778491604
364	-0.01992474	0.714523548
365	-0.01105735	0.423036482
366	0.01571162	0.600616818
367	0.02316921	0.518636133
368	0.02302774	0.614221618
369	-0.03300304	0.603076657
370	-0.0224029	0.646101339
371	-0.03209453	0.407440706
372	-0.05515802	0.365662083
373	0.01701019	0.515601393
374	-0.001444228	0.551300509
375	0.03191145	0.519016421
376	0.02966477	0.648743621
377	-0.01531511	0.54049275
378	-0.005645363	0.741705594
379	-0.05583777	0.522661061
380	-0.0188234	0.747275486
381	-0.01669005	0.758800242
382	-0.01398291	0.596833262
383	0.01181672	0.162433935
384	-0.00384203	0.310533465
385	0.01564007	0.779133231
386	-0.01922229	0.63657264
387	-0.001335391	0.826708736
388	0.009852405	0.548170655
389	-0.00135446	0.677847602
390	-0.006578012	0.67884136
391	-0.02237278	0.47595126
392	0.01869813	0.721715253
393	-0.03519579	0.683016878
394	0.01183556	0.666648872
395	0.02509364	0.561373391
396	0.003902559	0.586041164
397	-0.02417821	0.228281941
398	0.000480683	0.542950306
399	-0.03829941	0.720208206
400	0.02565105	0.618864067
401	0.008747868	0.610971227
402	-0.05779575	0.383519285
403	0.007440163	0.826295934
404	-0.007516079	0.658479025
405	-0.04437686	0.397246336
406	0.002509245	0.74260072
407	0.02399359	0.620855489
408	-0.0154882	0.394423052
409	-0.02338865	0.426619629
410	0.01557149	0.563701575
411	-0.006257189	0.527531853
412	-0.005656823	0.690959031
413	-0.003983758	0.61450957
414	-0.009192656	0.426735115
415	-0.05774815	0.553549828
416	0.01605261	0.50960312
417	-0.02580383	0.480464493
418	0.03750023	0.486332914
419	0.01279812	0.624538395
420	0.006676655	0.564920411
421	-0.04375394	0.747843672
422	-0.0112098	0.546156235
423	-0.01441877	0.51198278
424	-0.005132811	0.706744409
425	-0.05188097	0.687042487
426	-0.04825158	0.401021136
427	-0.03583854	0.734124533
428	0.01274858	0.632600767
429	-0.003707924	0.519131501
430	-0.01949269	0.539607704
431	0.04828242	0.522551767
432	-0.01847124	0.678414897
433	-0.004869399	0.634582661
434	0.003080213	0.730693385
435	0.0494831	0.532829908
436	-0.000545171	0.516775472
437	0.01311077	0.684977404
438	0.02022967	0.279471504
439	-0.01822782	0.672328454
440	-0.006138751	0.578329035
441	-0.000979297	0.614103489
442	0.02097468	0.734666863
443	0.004040599	0.67240581
444	-0.002206507	0.584769298
445	-0.02439044	0.229611013
446	0.000153934	0.608668742
447	0.01260211	0.673205165
448	-0.01880767	0.346631819
449	-0.01549357	0.597543952
450	0.0229379	0.64421034
451	-0.003215767	0.66397354
452	-0.008496828	0.678433684
453	-0.02508093	0.392595971
454	-0.04300805	0.777221361
455	-0.02223612	0.581942887
456	0.02344096	0.783721275
457	-0.000740003	0.593813016
458	-0.01257127	0.626027766
459	-0.04438867	0.734197133
460	0.003450849	0.688459488
461	-0.007371713	0.704741574
462	0.02727475	0.766861494
463	-0.006420007	0.606878729
464	-0.02531126	0.742161499
465	-0.03649678	0.684975416
466	-0.02854131	0.752957025
467	0.0013778	0.573947403
468	0.008757311	0.685282258
469	-0.01260649	0.57980252
470	-0.01653651	0.574875976
471	0.02946678	0.514915398
472	-0.03747784	0.700694619
473	0.0103488	0.746440522
474	0.005195561	0.72653075
475	0.01851092	0.803939394
476	0.01973792	0.709869181
477	-0.01117822	0.76465215
478	-0.008961699	0.652323987
479	0.007162402	0.758474939
480	-0.01444966	0.70131139
481	-0.0277652	0.598742183
482	-0.03003021	0.577457055
483	0.006935181	0.594082593
484	-0.03016375	0.651781618
485	-0.02107136	0.754657132
486	-0.01249815	0.683619905
487	-0.03482401	0.782172901
488	0.01403892	0.692408622
489	-0.0121733	0.22460681
490	-0.01851418	0.751463632
491	-0.02949806	0.589285474
492	-0.02367264	0.484790696
493	-0.0205583	0.69757608
494	-0.002355742	0.545601259
495	-0.00857642	0.69262444
496	-0.01739779	0.702854861
497	0.00872015	0.594509689
498	-0.0200948	0.775659725
499	0.006737217	0.71035371
500	-0.03482853	0.597331789
