Heritability		Expressability		TWAS genes	
Core	Random	Core	Random	Core	Random
0.183334	0.155211	0.261147	0.046765	22	0
0.572537	0.000001	0.96853	0.577105	96	2
0.584452	0.169252	0.63341	0.151739	193	0
0.387993	0.057507	0.791994	0.771972	230	74
0.39549	0.16286	0.595456	0.314294	2	0
0.795764	0.002026	NA	0.265761	99	68
0.061756	0.256315	0.346099	NA	27	433
0.183334	0.412476	0.261147	0.70141	22	375
0.569351	0.152719	0.976039	0.024998	113	0
0.584452	0.230116	0.63341	NA	193	175
0.387993	0.000001	0.791994	0.577105	230	2
0.361683	0.066008	0.377659	0.00003	0	0
0.227054	0.169252	0.60249	0.151739	320	0
0.374598	0.057507	0.732869	0.771972	40	74
0.265558	0.346179	0.3306	0.93252	43	0
0.000001	0.136846	0.018963	0.000001	0	0
0.182829	0.002026	0.260546	0.265761	20	68
0.511806	0.256315	0.969625	NA	171	433
0.584452	0.412476	0.63341	0.70141	193	375
0.460464	0.239009	0.793477	0.559577	10	1
0.285332	0.152719	0.210265	0.024998	1	0
0.387993	0.645498	0.791994	0.006261	230	0
0.696637	0.332107	NA	0.005645	45	0
0.472516	0.000001	0.887558	0.577105	663	2
0.340816	0.136856	0.816188	0.037509	21	1
0.361683	0.096043	0.377659	0.092621	0	0
0.717992	0.225286	0.959258	0.187588	4	1
0.144396	0.169252	0.305037	0.151739	17	0
0.374598	0.138372	0.732869	0.000001	40	0
0.265558	0.230116	0.3306	NA	43	6
0.54563	0.264924	0.818406	0.581157	178	3
0.21532	0.000001	0.553201	0.040516	260	0
0.322326	0.057507	0.801041	0.771972	279	74
0.202932	0.346179	0.499524	0.93252	1	0
0.463641	0.268411	0.977747	0.000001	1	0
0.584452	0.002026	0.63341	0.265761	193	68
0.459193	0.260257	0.791973	0.017251	10	0
0.421662	0.256315	0.413968	NA	15	433
0.171301	0.356853	0.428162	0.739416	0	703
0.398926	0.123397	0.765538	0.125894	104	0
0.521763	0.152719	0.760758	0.024998	252	0
0.285332	0.003624	0.210265	0.522798	1	0
0.387993	0.14818	0.791994	0.328104	230	6
0.714659	0.359463	NA	0.121546	25	0
0.472516	0.243025	0.887558	0.03002	663	0
0.435176	0.344926	0.913807	0.174871	1246	1
0.340816	0.21395	0.816188	0.006348	21	0
0.223877	0.332107	0.462235	0.005645	0	0
0.49358	0.000001	0.851411	0.577105	195	2
0.361683	0.161095	0.377659	0.394456	0	0
0.096087	0.136856	0.010099	0.037509	2	1
0.717992	0.096043	0.959258	0.092621	4	0
0.287296	0.225286	0.131242	0.187588	699	1
0.42787	0.179273	0.974334	0.856663	6	11
0.429728	0.183225	0.589106	0.382353	6	12
0.529751	0.230116	0.917781	NA	134	6
0.374598	0.264924	0.732869	0.581157	40	3
0.265558	0.000001	0.3306	0.040516	43	0
0.479878	0.057507	0.844421	0.771972	511	74
0.362212	0.346179	0.558616	0.93252	1	0
0.54563	0.375955	0.818406	0.502403	178	0
0.21532	0.233635	0.553201	0.118225	260	1
0.322326	0.268411	0.801041	0.000001	279	0
0.160046	0.002026	0.327431	0.265761	0	68
0.031133	0.260257	0.440871	0.017251	8	0
0.179828	0.004094	0.604767	0.000001	2	0
0.359908	0.174086	0.645734	0.248464	0	0
0.274894	0.000001	0.631295	NA	2	1
0.209779	0.41643	0.502752	0.708694	1	0
0.463641	0.274894	0.977747	0.741225	1	198
0.54699	0.123397	0.576938	0.125894	189	0
0.072205	0.152719	0.501501	0.024998	0	0
0.421662	0.003624	0.413968	0.522798	15	0
0.171301	0.303853	0.428162	0.624999	0	67
0.385285	0.161445	0.778406	0.26663	83	2
0.358085	0.000001	0.756558	0.19724	2	3
0.486636	0.154928	0.754275	0.622943	103	171
0.679157	0.359463	0.82272	0.121546	217	0
0.595749	0.063346	0.724394	0.000001	2	0
0.285332	0.243025	0.210265	0.03002	1	0
0.310362	0.27907	0.588552	0.580441	1038	1377
0.343221	0.135897	0.827116	0.250542	212	2
0.679473	0.344926	NA	0.174871	13	1
0.469897	0.356497	0.885867	0.460236	661	328
0.287147	0.21395	0.101612	0.006348	1	0
0.585322	0.223341	0.957508	0.617104	12	787
0.435176	0.332107	0.913807	0.005645	1246	0
0.320705	0.000001	0.272909	0.000001	26	0
0.340816	0.071401	0.816188	0.013069	21	0
0.223877	0.1182	0.462235	0.145076	0	0
0.510978	0.276148	0.557389	0.353519	0	0
0.49358	0.216085	0.851411	0.048575	195	0
0.361683	0.252306	0.377659	0.06721	0	0
0.09157	0.000001	0.010284	0.577105	2	2
0.707725	0.161095	0.944344	0.394456	4	0
0.151588	0.066873	0.002838	0.311047	0	0
0.32653	0.089988	0.381534	0.055768	775	0
0.42787	0.136856	0.974334	0.037509	6	1
0.379656	0.144191	0.645457	0.118835	7	0
0.429728	0.000001	0.589106	0.000001	6	0
0.348601	0.095659	0.469049	0.547543	5	14
0.632091	0.120346	0.681226	0.147244	166	1
0.184279	0.179273	0.039393	0.856663	0	11
0.326803	0.527543	0.383431	0.789334	3	9
0.302012	0.197741	0.432013	0.000001	9	0
0.478662	0.197464	0.596177	0.231367	4	0
0.771359	0.120745	0.92829	0.703128	22	24
0.20826	0.10368	0.734775	0.000001	0	0
0.374598	0.000001	0.732869	0.280293	40	1
0.265822	0.053052	0.362084	0.022612	0	0
0.07573	0.183225	0.000001	0.382353	0	12
0.386894	0.000001	0.935136	0.000001	15	0
0.244489	0.065913	0.207066	0.369266	0	2
0.692795	0.127789	0.876339	0.381193	698	1
0.479878	0.138459	0.844421	0.000001	511	0
0.534572	0.230116	0.75006	NA	1080	6
0.339301	0.144753	0.636714	0.678501	594	0
0.370654	0.264924	0.001932	0.581157	0	3
0.362212	0.287338	0.558616	0.136694	1	1
0.54563	0.006359	0.818406	0.000001	178	1
0.291796	0.163783	0.16467	0.344084	54	5
0.322326	0.000001	0.801041	0.040516	279	0
0.253146	0.346179	0.005232	0.93252	0	0
0.447734	0.039062	0.356643	0.421176	43	86
0.47903	0.333207	0.927405	0.932117	446	8
0.367685	0.297636	0.033178	0.000001	0	0
0.241752	0.019653	0.760182	0.078725	5	1
0.039593	0.212821	0.021957	NA	0	441
0.286876	0.233635	0.673793	0.118225	50	1
0.33138	0.012955	0.579268	0.629795	48	4
0.160046	0.188336	0.327431	0.1702	0	0
0.179828	0.000001	0.604767	0.000001	2	0
0.271316	0.433734	0.366598	0.016321	3	0
0.359908	0.314673	0.645734	0.000001	0	0
0.396106	0.268411	0.954155	0.000001	6	0
0.408572	0.000001	0.618665	0.242866	978	0
0.345865	0.000001	0.429314	0.000001	0	0
0.369541	0.002026	0.726598	0.265761	10	68
0.32914	0.260257	0.848021	0.017251	46	0
0.274894	0.387524	0.631295	0.456447	2	0
0.613318	0.233163	0.737305	0.028034	68	0
0.301863	0.233163	0.595136	0.028034	2	0
0.151299	0.233163	0.233422	0.028034	2	0
0.613316	0.189495	0.737305	0.048165	68	0
0.301868	0.366329	0.595139	0.304079	2	1318
0.323707	0.67055	0.836193	0.000001	4	0
0.613316	0.000001	0.737305	0.06276	68	0
0.301868	0.123183	0.595139	0.326466	2	0
0.323707	0.448777	0.836193	0.067471	4	3
0.613316	0.39208	0.737305	0.790785	68	0
0.301868	0.000001	0.595139	0.152685	2	1
0.323707	0.47125	0.836193	0.01492	4	0
0.616045	0.336807	0.706298	0.050158	74	0
0.292839	0.201779	0.61259	0.007514	1	0
0.000001	0.30126	0.152685	0.885658	1	0
0.556445	0.189495	0.943909	0.048165	3	0
0.491822	0.208598	0.364661	0.000001	49	1
0.413226		0.965958		4	
0.604113		0.625499		59	
0.473382		0.653701		6	
0.333048		0.654964		11	
0.364729		0.155267		5	
0.274633		0.023453		0	
0.325496		0.494968		1	
0.368706		0.434715		25	
0.520144		0.914581		2	
0.454656		0.982042		5	
0.448598		0.576456		4	
0.483466		0.833186		27	
0.696676		0.902818		288	
0.452449		0.370302		0	
